2000038595450
2000038595451
2000038595452
2000038595453
2000038595454
2000038595455
2000038808844
2000038808845
2000038808933
2000038808934
2000038809994
2000038809995
2000038810478
2000038810479
2000038810480
2000038810481
2000038810482
2000038810483
2000038810484
2000038811051
2000038811052
2000038811053
2000038811054
2000038811055
2000038811379
2000038811380
2000038811595
2000038811596
2000038811744
2000038812072
2000038812073
2000038812074
2000038812617
2000038812618
2000038812619
2000038812620
2000038851552
2000038906427
2000038906428
2000038906429
2000038906430
2000038910398
2000038910399
2000038910400
2000039087840
2000039087841
2000039087842
2000039087843
2000039087844
2000039087845
2000039087846
2000039087847
2000039087848
2000039087849
2000039087850
2000039087851
2000039087852
2000039095722
2000039095723
2000039095724
2000039095725
2000039095726
2000039095727
2000039095728
2000039095729
2000039095730
2000039392579
2000039394316
2000039394317
2000039438525
2000039442136
2000039442137
2000039442138
2000039442139
2000039442140
2000039442141
2000039442142
2000039442143
2000039442144
2000039442818
2000039442819
2000039443955
2000039443956
2000039443957
2000039454430
2000039454431
2000039454432
2000039454433
2000039454867
2000039455952
2000039499384
2000039499385
2000039499386
2000039499387
2000039499388
2000039499389
2000039553092
2000039553093
2000039553094
2000039553095
2000039553096
2000039553097
2000039553098
2000039553099
2000039553100
2000039553101
2000039553333
2000039553334
2000039553335
2000039553336
2000039553337
2000039553338
2000039553339
2000039553340
2000039553341
2000039553342
2000039553343
2000039554787
2000039554788
2000039554789
2000039554790
2000039554791
2000039554792
2000039554793
2000039554794
2000039554795
2000039554815
2000039569475
2000039569476
2000039569478
2000039569479
2000039569480
2000039569481
2000039569482
2000039616336
2000039616337
2000039616338
2000039616339
2000039616340
2000039616341
2000039616342
2000039616343
2000039616344
2000039616345
2000039616346
2000039616347
2000039616348
2000039616349
2000039616350
2000039616351
2000039616352
2000039616353
2000039619461
2000039619462
2000039619463
2000039619464
2000039776097
2000039776098
2000039776099
2000039776100
2000039776101
2000039776102
2000039776103
2000039776104
2000039776105
2000039778408
2000039778409
2000039796155
2000039796156
2000039796157
2000039796158
2000039796159
2000039796160
2000039796161
2000039805908
2000039805909
2000039805910
2000039805911
2000039805912
2000039805913
2000039805914
2000039805915
2000039805916
2000039805917
2000039805918
2000039805919
2000039805920
2000039814049
2000039814050
2000039814051
2000039814052
2000039814053
2000039814054
2000039814055
2000039814056
2000039814057
2000039814058
2000039814059
2000039814060
2000039814061
2000039814062
2000039814063
2000039814213
2000039820340
2000039821630
2000039876594
2000039876595
2000039876596
2000039876597
2000039876598
2000039876599
2000039876600
2000039876601
2000039876602
2000039877708
2000039877709
2000039877710
2000039877711
2000039877712
2000039877713
2000039877714
2000039878288
2000039878289
2000039878290
2000039878895
2000039878896
2000039878897
2000039880232
2000039880233
2000039880234
2000039880235
2000039880236
2000039880237
2000039880238
2000039880239
2000039880240
2000039883548
2000039883549
2000039883551
2000039883552
2000039883553
2000039883554
2000039883555
2000039883556
2000039883557
2000039883558
2000039885837
2000039885838
2000039885839
2000039885840
2000039885841
2000039885842
2000039885843
2000039885844
2000039900636
2000040008679
2000040103824
2000040105089
2000040105090
2000040105091
2000040105092
2000040196359
2000040198908
2000040198909
2000040751783
2000040751784
2000040751785
2000040751786
2000040751787
2000040751788
2000040751789
2000040751790
2000040751791
2000040751792
2000040751793
2000040751794
2000040751795
2000040751796
2000040758303
2000040760154
2000040777069
2000040863186
2000040863187
2000040863188
2000040863189
2000040863190
2000040863191
2000040863193
2000040863194
2000040863195
2000040863196
2000040863197
2000040863198
2000040863199
2000040863200
2000040863201
2000040863202
2000040863203
2000040863205
2000041114516
2000041114517
2000041114518
2000041114519
2000041114520
2000041114521
2000041114522
2000041114523
2000041189587
2000041189588
2000041189589
2000041189590
2000041189591
2000041189592
2000041189593
2000041189595
2000041189596
2000041189597
2000041189598
2000041189599
2000041189600
2000041189601
2000041189602
2000041189603
2000041189604
2000041491307
2000041491308
2000041491309
2000041491310
2000041491311
2000041491312
2000041491313
2000041491314
2000041535112
2000041535113
2000041535114
2000041535115
2000041535116
2000041535117
2000041535118
2000041688632
2000041688634
2000041688635
2000041688636
2000041728573
2000041728574
2000041728575
2000041728576
2000041728577
2000041728578
2000041728579
2000041728580
2000041728581
2000041728582
2000041728583
2000041728584
2000041728585
2000041728586
2000041728587
2000041728589
2000041894328
2000041894329
2000041894330
2000041894331
2000041894332
2000041894333
2000041894334
2000041894335
2000041894336
2000041894337
2000041894338
2000041894339
2000041894340
2000041894341
2000041894342
2000042039315
2000042039316
2000042039317
2000042039319
2000042039322
2000042039324
2000042039325
2000042039326
2000042039329
2000042039330
2000042039331
2000042039332
2000042039334
2000042039335
2000042100503
2000042103107
2000042103108
2000042103109
2000042103110
2000042103111
2000042103112
2000042103113
2000042314966
2000042317459
2000042317460
2000042429932
2000042430477
2000042431245
2000042431246
2000042431247
2000042431248
2000042431249
2000042431250
2000042431401
2000042431760
2000042432439
2000042534881
2000042534882
2000042534883
2000042534884
2000042534885
2000042534886
2000042534887
2000042556478
2000042556479
2000042556480
2000042556481
2000042556482
2000042556483
2000042556484
2000042556485
2000042556486
2000042556487
2000042556488
2000042556489
2000042556490
2000042556491
2000042556492
2000042556493
2000042556494
2000042644528
2000042644529
2000042644530
2000042644531
2000042644533
2000042644534
2000042644535
2000042644536
2000042644537
2000042644538
2000042644539
2000042644540
83335993-1
